2017-18 Class Size by Race/Ethnicity Report ,,,,,,,,
District Name,District Code,%_class_aa,%class_asian,%_class_hispanic,%_class_white,%_class_native,%_class_islander,%_class_multirace
Abby Kelley Foster Charter Public (District),4450000,50,4.1,22.4,20.6,0.1,0.1,2.7
Abington,10000,3.2,2.2,8.5,84.8,0.3,0.1,0.9
Academy Of the Pacific Rim Charter Public (District),4120000,59.5,1.3,28,8.8,0,0.2,2.1
Acton-Boxborough,6000000,2.4,32.5,4.7,55.9,0.2,0.1,4.2
Acushnet,30000,0.8,0.1,3.4,93.6,0.1,0,1.9
Adams-Cheshire,6030000,4.1,0.8,2.5,90.6,0.2,0.1,1.7
Advanced Math and Science Academy Charter (District),4300000,1.9,17.7,5.6,67.9,0.2,0,6.7
Agawam,50000,2.4,3.1,7.9,84,0,0.1,2.5
Alma del Mar Charter School (District),4090000,13.3,0.5,51.3,28.1,0.8,0,6
Amesbury,70000,1.6,1.1,7.6,85.6,0.2,0.1,3.7
Amherst,80000,9.8,14.4,22.5,45.2,0.3,0,7.8
Amherst-Pelham,6050000,7.4,9.5,16.8,57.3,0.1,0.1,8.8
Andover,90000,2.3,18.5,5.7,70.7,0.2,0,2.6
Argosy Collegiate Charter School (District),35090000,10.5,2,18,63.4,0.5,0.5,5.1
Arlington,100000,3.8,12.6,6.4,71.7,0.1,0.2,5.3
Ashburnham-Westminster,6100000,0.6,0.8,4.1,92.5,0,0,1.9
Ashland,140000,2.4,13.9,11.5,68.6,0.6,0,3
Assabet Valley Regional Vocational Technical,8010000,0.6,0.4,14,82.2,0.3,0,2.5
Athol-Royalston,6150000,1.6,1,9.1,84.7,0,0,3.7
Atlantis Charter (District),4910000,4.9,1.7,10.7,78.7,0.1,0,3.9
Attleboro,160000,6,4.7,14.6,68.3,0.2,0.1,6.1
Auburn,170000,1.8,4.1,8.4,82.2,0.1,0,3.4
Avon,180000,29.1,4.4,7.9,53.6,0.4,0,4.6
Ayer Shirley School District,6160000,4.5,2.7,10.3,75.9,0.8,0.4,5.4
Barnstable,200000,7.9,2,13.7,71.2,0.4,0.3,4.6
Barnstable Community Horace Mann Charter Public (District),4270000,17.4,3,23.7,50.5,0.7,0,4.7
Baystate Academy Charter Public School (District),35020000,26,0.9,66,5.8,0,0.2,1.1
Bedford,230000,6.2,16.7,5.9,66,0,0.1,5.3
Belchertown,240000,2,1.8,4.2,88.9,0.3,0.2,2.7
Bellingham,250000,2,2.8,4.5,88,0.2,0.4,2.1
Belmont,260000,3.4,19.2,4.3,65.9,0.1,0.1,6.9
Benjamin Banneker Charter Public (District),4200000,84,0.9,11.1,1.7,0,0.6,1.7
Benjamin Franklin Classical Charter Public (District),4470000,2.2,23.1,3.1,67.6,0,0,3.8
Bentley Academy Charter School (District),35110000,13.9,3.2,49.8,31,0,0,2.1
Berkley,270000,0.3,0.3,1.5,94.2,0.1,0.1,3.4
Berkshire Arts and Technology Charter Public (District),4140000,12.6,3.4,8.1,71.2,0.3,0.3,4.2
Berkshire Hills,6180000,1.7,2.8,8.3,81.9,0.1,0.2,5.1
Berlin,280000,0,1.6,4.8,91,0,0,2.6
Berlin-Boylston,6200000,1.9,3.1,3.4,89.2,0,0,2.5
Beverly,300000,3.1,2.5,13.2,77.5,0,0.1,3.6
Billerica,310000,4.2,7.5,6,79.4,0.1,0.1,2.7
Blackstone Valley Regional Vocational Technical,8050000,0.4,1.4,3.4,93,0,0,1.7
Blackstone-Millville,6220000,1.2,1.1,6.1,88,0.1,0,3.5
Blue Hills Regional Vocational Technical,8060000,22.2,1,12.2,59.6,0.7,0.1,4.2
Boston,350000,31.8,8.9,42,13.9,0.3,0.2,3
Boston Collegiate Charter (District),4490000,29.7,2,18.2,47.2,0.6,0,2.4
Boston Day and Evening Academy Charter (District),4240000,43.8,1.2,45.3,5.5,0.6,0,3.7
Boston Green Academy Horace Mann Charter School (District),4110000,48.4,2.6,39.2,7.4,0.4,0,2
Boston Preparatory Charter Public (District),4160000,66.3,1.2,27.8,2.2,0,0.2,2.2
Boston Renaissance Charter Public (District),4810000,62.5,0.4,31.7,1.5,0,0,3.9
Bourne,360000,2,1.5,4.9,87.4,0.9,0.2,3.1
Boxford,380000,0.7,4.1,2.2,88.9,0.1,0,4
Boylston,390000,2,5.3,5.9,82.2,0.3,0,4.3
Braintree,400000,4.9,17.7,4.8,71.1,0.2,0,1.3
Brewster,410000,2.1,1,5.8,87,0,0,4.1
Bridge Boston Charter School (District),4170000,64.6,1.3,30.6,0.3,0,0.3,2.9
Bridgewater-Raynham,6250000,4.8,1.9,0.4,88.5,0.1,0.1,4.1
Brimfield,430000,2.3,1.3,3.3,92.7,0.3,0,0
Bristol County Agricultural,9100000,1.1,0,4.2,92.1,0,0,2.6
Bristol-Plymouth Regional Vocational Technical,8100000,3.5,0.7,6.9,85.6,0.6,0,2.8
Brockton,440000,59.1,2,15.4,18.4,0.4,0.2,4.5
Brooke Charter School (District),4280000,53.7,1.8,38.3,4.5,0.1,0,1.6
Brookfield,450000,0.3,0,4.7,90.9,0.3,0,3.8
Brookline,460000,5.9,19.7,10.5,54.4,0,0.1,9.4
Burlington,480000,5.9,17.1,6.1,66.7,0.3,0,3.9
Cambridge,490000,25.2,12.5,13.9,39.6,0.3,0.2,8.3
Canton,500000,10.5,10.5,5.2,68.6,0,0.2,4.9
Cape Cod Lighthouse Charter (District),4320000,2.9,0.8,3.7,86.4,0,0,6.2
Cape Cod Regional Vocational Technical,8150000,6.8,0.7,10.3,75.5,1.7,0.3,4.7
Carlisle,510000,0.6,11.3,4.5,74.4,0,0,9.2
Carver,520000,1.2,0.4,1.5,95,0.3,0.1,1.5
Central Berkshire,6350000,0.7,1.4,3.4,91,0.2,0,3.4
Chelmsford,560000,3.1,14.6,5.5,73.9,0.1,0.1,2.8
Chelsea,570000,5,1.3,86.4,6.4,0.1,0,0.8
Chesterfield-Goshen,6320000,1.4,0,1.4,95.7,1.4,0,0
Chicopee,610000,4.1,2,37.7,53.2,0.1,0.1,2.9
Christa McAuliffe Charter Public (District),4180000,4.7,5.7,20.2,61.2,0.8,0.3,7.2
City on a Hill Charter Public School Circuit Street (District),4370000,67.8,0,28,3,0,0,1.1
City on a Hill Charter Public School Dudley Square (District),35040000,70.2,2.7,24.3,0.4,0,0.4,2
City on a Hill Charter Public School New Bedford (District),35070000,12.9,1.4,48.4,32.7,0,0,4.6
Clarksburg,630000,0,0.5,1,93.2,0,0,5.2
Clinton,640000,3.8,1.5,25,67.7,0.1,0.1,1.9
Codman Academy Charter Public (District),4380000,77.9,0,20,0.3,0.3,0.6,0.9
Cohasset,650000,2.9,2.4,1.2,92.1,0.2,0,1.2
Collegiate Charter School of Lowell (District),35030000,18.7,24.1,36.7,15.3,0.1,0,5.1
Community Charter School of Cambridge (District),4360000,63.1,4.2,22.3,5.4,0.8,0,4.2
Community Day Charter Public School - Gateway (District),4260000,1.3,0.6,95.6,2.5,0,0,0
Community Day Charter Public School - Prospect (District),4400000,0.5,0.5,96.3,2.8,0,0,0
Community Day Charter Public School - R. Kingman Webster (District),4310000,1.3,1.3,93.4,4.1,0,0,0
Concord,670000,4.1,6.7,6.3,76.4,0.2,0,6.3
Concord-Carlisle,6400000,4.2,8.8,4.5,78.7,0,0,3.9
Conservatory Lab Charter (District),4390000,48,2.5,38.2,8.5,0,0,2.9
Conway,680000,0.7,0,4.3,93.6,0,0,1.4
Danvers,710000,2.2,2.7,7.4,85,0.2,0.1,2.6
Dartmouth,720000,1.5,0.5,3.8,88.3,0,0,5.9
Dedham,730000,7.3,2.7,15.9,69.8,0.2,0,4
Deerfield,740000,0.2,1,6.1,86.1,0,0,6.6
Dennis-Yarmouth,6450000,9.2,2.4,12.2,67.9,2.1,0.2,6.1
Dighton-Rehoboth,6500000,1.1,1.2,4.5,89.9,0.1,0,3.2
Douglas,770000,0.2,1.2,3.5,92.6,0,0.2,2.3
Dover,780000,3.8,15.9,3.8,72.3,0,0.2,4
Dover-Sherborn,6550000,2.3,8.6,3.2,81.4,0.2,0,4.3
Dracut,790000,6.2,6.1,8.7,76.9,0.2,0.1,1.8
Dudley Street Neighborhood Charter School (District),4070000,62.2,0,35.3,1,0,0,1.4
Dudley-Charlton Reg,6580000,1.6,1.2,8.2,86,0.2,0.1,2.7
Duxbury,820000,0.3,1.4,2.3,92.9,0.1,0,3
East Bridgewater,830000,3.1,0.7,2.1,91,0.4,0.1,2.6
East Longmeadow,870000,3.1,5.3,7.4,81.5,0.2,0.1,2.4
Eastham,850000,6.4,2.7,2.7,85.6,0.5,0,2.1
Easthampton,860000,1.3,3.9,12.9,78.7,0.3,0.1,2.8
Easton,880000,5.9,3.2,5.2,82.3,0.3,0.1,3.1
Edgartown,890000,3.1,0.3,20.3,69.6,2.2,0,4.5
Edward M. Kennedy Academy for Health Careers (Horace Mann Charter) (District),4520000,42.5,1.9,48.3,3.9,0.3,0,3.1
Erving,910000,0.7,0,4.2,84.7,0,0,10.4
Essex North Shore Agricultural and Technical School District,8170000,1.2,1.5,11.5,82.4,0.3,0.1,3.1
Everett,930000,16.7,5,52.4,23.8,0.4,0.1,1.6
Excel Academy Charter (District),4100000,6.9,1.4,79.1,10.7,1,0.4,0.5
Fairhaven,940000,1.7,1.8,5.6,86.6,0.6,0,3.6
Fall River,950000,8.1,4,27,52.5,0.2,0.1,8.2
Falmouth,960000,5,2.2,5.9,79.5,1.1,0.1,6.3
Farmington River Reg,6620000,0,0,0.8,98.4,0,0,0.8
Fitchburg,970000,6.1,4.9,50.9,30.9,0,0.1,7.2
Florida,980000,0,1.2,0,98.8,0,0,0
Four Rivers Charter Public (District),4130000,0.4,1.8,7.2,85.7,0.4,0,4.5
Foxborough,990000,4.6,4,5.3,83.2,0.4,0.1,2.4
Foxborough Regional Charter (District),4460000,42.1,10.2,4.9,37.3,0.3,0.1,5.1
Framingham,1000000,7.3,5,27.1,56.6,0.1,0.1,3.8
Francis W. Parker Charter Essential (District),4780000,0.5,1.8,2.8,90.3,0,0,4.8
Franklin,1010000,1.7,5.2,3,87.6,0.1,0.6,1.8
Franklin County Regional Vocational Technical,8180000,1.2,0.2,2.6,95.7,0,0,0.2
Freetown-Lakeville,6650000,1.4,0.9,1.8,93.9,0.1,0.1,1.7
Frontier,6700000,1.8,2.9,4.6,87.8,0,0.2,2.7
Gardner,1030000,2.5,2.1,18.3,69.4,0.2,0,7.4
Gateway,6720000,1,0.4,3.8,92,0.4,0.1,2.4
Georgetown,1050000,0.8,1.2,1.8,94.7,0.1,0.1,1.3
Gill-Montague,6740000,1.1,0.3,11.7,80,0.2,0.2,6.5
Global Learning Charter Public (District),4960000,10.3,0.8,35.8,47.1,0.8,0,5.1
Gloucester,1070000,2,1.4,9.9,82.9,0.3,0.3,3.1
Gosnold,1090000,0,0,0,0,0,0,0
Grafton,1100000,1.3,11.7,4.3,79.3,0.1,0.1,3
Granby,1110000,0.1,2,9.3,85.2,0.4,0,3
Greater Fall River Regional Vocational Technical,8210000,2.3,1.7,9.7,79.6,0.5,0.1,6.1
Greater Lawrence Regional Vocational Technical,8230000,1,1.2,82,15.7,0.1,0,0
Greater Lowell Regional Vocational Technical,8280000,3.8,16.1,32.3,44.2,0.3,0,3.4
Greater New Bedford Regional Vocational Technical,8250000,8.1,0.8,21.5,65.3,0.5,0,3.9
Greenfield,1140000,2.4,1.4,19,71.9,0,0,5.3
Groton-Dunstable,6730000,0.9,6.1,1.7,89,0.2,0.1,1.9
Hadley,1170000,1.9,2.3,8.6,81,0.4,2.3,3.6
Halifax,1180000,1.7,0.5,2.8,92.1,0.3,0.2,2.5
Hamilton-Wenham,6750000,0.8,3.5,4,89.2,0.2,0.3,2.1
Hampden Charter School of Science East (District),4990000,28.2,2.5,31.5,36.1,0,0,1.6
Hampden-Wilbraham,6800000,2.6,2.5,6.2,85.3,0.2,0.1,3
Hampshire,6830000,0.9,0.7,3,93,0,0,2.4
Hancock,1210000,2.3,0,0,97.7,0,0,0
Hanover,1220000,0.8,2.1,2,94.6,0,0,0.5
Harvard,1250000,2.3,11.1,4.2,79.7,0,0,2.7
Hatfield,1270000,0.9,1.4,4.5,90.7,0,0,2.5
Haverhill,1280000,4.3,1.7,35.8,56,0.2,0.1,1.8
Hawlemont,6850000,0.6,0,10.6,82.5,0.6,0,5.6
Helen Y. Davis Leadership Academy Charter Public (District),4190000,77.6,0.4,19.8,0.9,0.4,0.4,0.4
Hill View Montessori Charter Public (District),4550000,5,0.7,22.9,68.4,0,0,3
Hilltown Cooperative Charter Public (District),4500000,0.5,1.4,6,80.7,0,0,11.5
Hingham,1310000,1.3,2.6,2.8,90.3,0,0,2.9
Holbrook,1330000,20.5,4.6,13.1,53.4,0.1,0,8.4
Holland,1350000,2.1,1.3,5.1,90.6,0,0,0.9
Holliston,1360000,1.1,7.8,4.7,83.2,0.1,0,3.1
Holyoke,1370000,3,0.7,80.4,14.6,0,0,1.2
Holyoke Community Charter (District),4530000,1.7,0.4,91.7,4.6,0,0,1.6
Hopedale,1380000,0.9,1.5,4.7,88.4,0.7,0.2,3.6
Hopkinton,1390000,0.9,14.6,3.2,78.2,0.3,0,2.8
Hudson,1410000,1.8,2.1,11,82.3,0.1,0,2.7
Hull,1420000,1.3,1.3,1.7,93.8,0,0,1.8
Innovation Academy Charter (District),4350000,4.5,7.8,7.1,76.1,0,0,4.5
Ipswich,1440000,1.2,1.7,5,88.4,0,0,3.8
KIPP Academy Boston Charter School (District),4630000,69.2,0.4,29,0.4,0,0,1.1
KIPP Academy Lynn Charter (District),4290000,20.6,3.2,66.5,6.3,0.2,0,3.1
King Philip,6900000,1.9,1.8,2.1,92,0,0,2.1
Kingston,1450000,0.8,0.5,2.6,95.1,0.5,0,0.5
Lanesborough,1480000,2.3,0,1.9,93.9,0.5,0,1.4
Lawrence,1490000,1.2,1.2,93.4,3.8,0,0,0.3
Lawrence Family Development Charter (District),4540000,0.8,0,98.4,0.8,0,0,0
Lee,1500000,0.6,2.6,8.5,84.9,0.1,0,3.2
Leicester,1510000,4.9,2.6,8.5,80.7,0.3,0.1,2.8
Lenox,1520000,0.8,4.9,7.4,84,0,0,2.9
Leominster,1530000,7.8,3.3,34.2,50.4,0.1,0,4
Leverett,1540000,0,0,6.3,82.7,0,0,11
Lexington,1550000,4,38.3,3.6,47.4,0.1,0,6.5
Libertas Academy Charter School (District),35140000,13.2,0,83.5,2.2,0,0,1.1
Lincoln,1570000,9.3,3.8,16.8,60.6,0.3,0.1,9.2
Lincoln-Sudbury,6950000,4.5,6.5,4.7,79.8,0.1,0.1,4.4
Littleton,1580000,1.1,7.8,1.9,86.1,0.2,0.2,2.7
Longmeadow,1590000,2.5,9.5,4.7,79.3,0.1,0.1,3.8
Lowell,1600000,8.2,28.4,32.6,27.1,0.1,0,3.8
Lowell Community Charter Public (District),4560000,26.6,20.1,46.8,3.1,0,0,3.4
Lowell Middlesex Academy Charter (District),4580000,4.6,26.6,32.1,30.3,0,0,6.4
Ludlow,1610000,1.8,0.4,9.9,84.9,0.4,0,2.6
Lunenburg,1620000,2.1,2.3,7.1,85.8,0.4,0.4,2
Lynn,1630000,9.5,8.8,62.2,15.7,0.3,0,3.5
Lynnfield,1640000,1.6,5.3,5.4,85.4,0,0,2.3
MATCH Charter Public School (District),4690000,46.8,0.9,47.7,2.2,0.5,0.1,1.8
Ma Academy for Math and Science,4680000,0,48,6,34,0,0,12
Malden,1650000,19.6,23.6,23.5,29.1,0.1,0,4
Manchester Essex Regional,6980000,0.4,0.8,1.1,96.8,0,0,0.9
Mansfield,1670000,3.5,6.1,4.5,82.3,0.1,0,3.5
Marblehead,1680000,2.7,1.7,6.8,86.1,0.1,0,2.6
Marblehead Community Charter Public (District),4640000,5.2,4.3,1.7,85.2,0.9,0,2.6
Marion,1690000,2.6,1.3,3.5,87.4,0.4,0,4.6
Marlborough,1700000,3.6,3.6,48.1,42.1,0.1,0.1,2.5
Marshfield,1710000,0.5,1.2,2.9,93.6,0.2,0.1,1.6
Martha's Vineyard,7000000,3.6,1.4,13.6,74.5,2.2,0.3,4.4
Martha's Vineyard Charter (District),4660000,3.7,1.1,10.1,73.4,2.1,0,9.6
Martin Luther King Jr. Charter School of Excellence (District),4920000,35.8,1.4,55.3,2.5,0,0,5
Masconomet,7050000,0.5,3.6,2.4,91.3,0.2,0.1,2.1
Mashpee,1720000,4.3,2.1,4.6,74.7,6.4,0.1,7.9
Massachusetts Virtual Academy at Greenfield Commonwealth Virtual District,39010000,10.2,2.5,19,59.4,0.2,0.7,8
Mattapoisett,1730000,1.1,1.8,2.7,89.3,0,0,5.1
Maynard,1740000,3,2,12.1,77.8,0.1,0,5
Medfield,1750000,1.1,4.3,3.9,87.2,0.3,0.1,3.2
Medford,1760000,13.6,9.6,11.7,60,0.3,0.1,4.8
Medway,1770000,1.4,2.7,3.7,89.8,0.1,0.1,2.1
Melrose,1780000,6.2,5,4.7,79.1,0.1,0,4.9
Mendon-Upton,7100000,0.5,2.2,3.9,90.5,0,0,2.8
Methuen,1810000,1.6,3.8,39.9,49.8,0.1,0.1,4.7
Middleborough,1820000,2.6,0.9,3.5,88.2,0.9,0,3.8
Middleton,1840000,0.6,4.6,2.8,87.8,0.4,0,3.8
Milford,1850000,3,2.3,27.8,61.8,1.6,0.1,3.4
Millbury,1860000,2.3,2.7,7.4,83.1,0.1,0,4.5
Millis,1870000,1.5,2.1,7.7,84.9,0.3,0.1,3.4
Milton,1890000,14.9,7,4.4,69.2,0.1,0.2,4.3
Minuteman Regional Vocational Technical,8300000,3.9,4.3,9.2,79.6,0,0,3
Mohawk Trail,7170000,0.3,0.6,4.4,91.3,0.2,0.1,3.1
Monomoy Regional School District,7120000,6.3,1.4,6.8,79.9,0.6,0.2,4.9
Monson,1910000,0.9,0.8,3.6,91.5,0.1,0.6,2.4
Montachusett Regional Vocational Technical,8320000,1.7,1.1,14.4,79,0.1,0,3.7
Mount Greylock,7150000,0.9,1.9,2.8,90.3,0,0,4.1
Mystic Valley Regional Charter (District),4700000,17.3,19.5,9.4,49.3,0.3,0,4.1
Nahant,1960000,0,1.3,4.7,93.3,0,0,0.7
Nantucket,1970000,10.6,1.6,31.1,53,0.1,0.1,3.6
Narragansett,7200000,1.1,0.3,6.4,88.7,0.1,0.1,3.3
Nashoba,7250000,1,3.2,4.7,88.1,0.1,0.1,2.8
Nashoba Valley Regional Vocational Technical,8520000,1.2,1.6,5.2,89.3,0.6,0,2.1
Natick,1980000,2.6,9.6,6,76.5,0.1,0.1,5.1
Nauset,6600000,5,2.8,4.2,84.4,0.1,0.1,3.3
Needham,1990000,3,9,5.6,77.4,0.1,0,4.9
Neighborhood House Charter (District),4440000,53.3,2.6,18.8,19,0.7,0,5.5
New Bedford,2010000,12.5,1,40.5,40.2,0.4,0.1,5.3
New Heights Charter School of Brockton (District),35130000,88.4,1.1,8.1,1.7,0.2,0,0.4
New Salem-Wendell,7280000,0,1.9,5,88.1,0,0,5
Newburyport,2040000,1.1,1.8,3.9,91.1,0,0,2
Newton,2070000,4.8,18.5,7.7,62.6,0.1,0.1,6.2
Norfolk,2080000,0.8,2.5,3.2,90.3,0,0,3.1
Norfolk County Agricultural,9150000,1.3,1.5,3.3,90.2,0.7,0,3.1
North Adams,2090000,3,0.3,6.3,82.9,0.2,0.1,7
North Andover,2110000,3.4,8.2,10.5,74.8,0.2,0.2,2.7
North Attleborough,2120000,3,6.2,5,81.6,0.2,0.1,3.9
North Brookfield,2150000,1.1,0.4,5.5,89.7,0,0,3.4
North Middlesex,7350000,1.6,1.1,3.9,90,0.1,0.1,3.3
North Reading,2170000,0.8,3.8,3.4,89,0.1,0.2,2.7
Northampton,2100000,2.6,4.2,17,69.9,0.2,0,6
Northampton-Smith Vocational Agricultural,4060000,1.2,0.8,15.6,80.5,0,0,1.8
Northboro-Southboro,7300000,1.3,10.7,5.7,79,0.3,0.2,2.8
Northborough,2130000,1.9,12.3,7.3,73.7,0.4,0.6,3.9
Northbridge,2140000,0.8,0.9,8,86.2,0,0.1,4
Northeast Metropolitan Regional Vocational Technical,8530000,2.9,1.3,30.4,63.3,0,0.2,1.9
Northern Berkshire Regional Vocational Technical,8510000,1,0,1.7,94.2,0.2,0,2.9
Norton,2180000,1.9,1.9,3.7,88.5,0.2,0.1,3.7
Norwell,2190000,0.5,2,1.8,93.3,0,0.2,2.3
Norwood,2200000,10.8,7.2,12.5,66.5,0,0.4,2.6
Oak Bluffs,2210000,3.9,1.6,25.3,60.3,1.6,0.5,6.7
Old Colony Regional Vocational Technical,8550000,2.1,0.8,2.1,93.6,0.2,0,1.3
Old Rochester,7400000,2.1,2.1,1.3,91.5,0.1,0,2.9
Old Sturbridge Academy Charter Public School (District),35150000,7,0.6,10.8,81.6,0,0,0
Orange,2230000,1.4,0.5,8.1,86.6,0.2,0,3.3
Orleans,2240000,3.9,1.8,5.7,86.8,0,0,1.8
Oxford,2260000,2.5,1.3,11.4,79.7,0.2,0.1,4.8
Palmer,2270000,2.8,2.7,11.5,78.2,0,0.1,4.7
Pathfinder Regional Vocational Technical,8600000,0.5,0.6,6.1,89.4,0.2,0,3.2
Paulo Freire Social Justice Charter School (District),35010000,3.3,0,90.7,5.7,0,0.3,0
Peabody,2290000,3.8,1.8,14.4,78.2,0,0,1.8
Pelham,2300000,0.8,3.9,9.4,81.1,0,0,4.7
Pembroke,2310000,0.6,1,0.4,96.3,0.1,0.1,1.5
Pentucket,7450000,0.4,1.5,4.2,92.2,0,0,1.7
Petersham,2340000,0,0.9,4.3,90.4,0,0,4.3
Phoenix Academy Public Charter High School Springfield (District),35080000,22.1,1.9,66.9,4.5,0,0,4.5
Phoenix Charter Academy (District),4930000,17.8,0.6,75.7,5.3,0.6,0,0
Pioneer Charter School of Science (District),4940000,28.4,8.5,30,30.6,1.5,0.1,0.7
Pioneer Charter School of Science II (PCSS-II) (District),35060000,33.4,14.9,23.8,26.2,0,0,1.7
Pioneer Valley,7500000,0.6,0.5,2,92.7,0.1,0,4
Pioneer Valley Chinese Immersion Charter (District),4970000,6.5,18.3,6.9,55.2,0,0,13.2
Pioneer Valley Performing Arts Charter Public (District),4790000,9.2,2.2,14.9,67.3,0,0,6.4
Pittsfield,2360000,10.8,1.4,13.7,65.2,0.3,0.1,8.6
Plainville,2380000,3.6,4.3,6.6,83.1,0.4,0,1.9
Plymouth,2390000,1.9,1.2,5.1,87.2,0.2,0,4.3
Plympton,2400000,0,0.5,2,95.6,0.5,0,1.5
Prospect Hill Academy Charter (District),4870000,54.5,8.2,20.8,13.4,0.3,0.1,2.7
Provincetown,2420000,28.3,0,13.3,51.7,0,0,6.7
Quabbin,7530000,0.7,0.7,4.8,91.5,0.1,0.1,2.2
Quaboag Regional,7780000,0.9,0.1,6.9,89.1,0,0,3
Quincy,2430000,7,38.8,5.9,44.7,0.2,0.4,3
Ralph C Mahar,7550000,2,1.8,9.1,82.8,0,0,4.4
Randolph,2440000,50.6,16.6,14.6,12.1,0.4,0.3,5.3
Reading,2460000,2.7,5.2,2.3,87.4,0.1,0,2.2
Revere,2480000,3.9,4.8,54.2,34.6,0.3,0,2
Richmond,2490000,1.1,0,6,89.6,0,0,3.3
Rising Tide Charter Public (District),4830000,1.4,2.7,2.7,88,0.3,0,5
River Valley Charter (District),4820000,0.7,2.8,2.8,89.2,0.3,0,4.2
Rochester,2500000,1.4,0,1.4,90.9,0,0,6.3
Rockland,2510000,4.9,1.1,14,76.4,0,0,3.7
Rockport,2520000,0.5,1.4,1.5,96.3,0,0,0.2
Rowe,2530000,0,0,5.9,88.2,0,0,5.9
Roxbury Preparatory Charter (District),4840000,56.9,0.9,39.7,1.3,0.2,0.1,0.8
Sabis International Charter (District),4410000,30.2,3.9,39.5,21,0,0,5.4
Salem,2580000,7,3,38.8,46.3,0,0,4.8
Salem Academy Charter (District),4850000,8.8,4.9,40.6,43.4,0,0,2.4
Sandwich,2610000,1,2.3,2.7,92.8,0.6,0.1,0.6
Saugus,2620000,4.3,5.1,17.5,70.1,0.5,0.1,2.4
Savoy,2630000,3.4,0,3.4,93.1,0,0,0
Scituate,2640000,2.7,1.1,1.4,93.2,0,0,1.6
Seekonk,2650000,1.9,3.1,4.5,87.4,0,0,2.9
Seven Hills Charter Public (District),4860000,45.3,0,44.4,7.2,0,0,3.1
Sharon,2660000,4.9,28.6,4.9,56.4,0.1,0.1,5
Shawsheen Valley Regional Vocational Technical,8710000,1.4,0.8,4.7,91.1,0.2,0,1.8
Sherborn,2690000,2.8,7.9,3,79.4,0,0,6.8
Shrewsbury,2710000,2.5,29.9,8.5,55.3,0.3,0,3.5
Shutesbury,2720000,1.6,0.8,7.2,83.2,0.8,0,6.4
Silver Hill Horace Mann Charter (District),4770000,3.8,2,23.5,68.7,0,0,2
Silver Lake,7600000,1.4,1,1.3,95.7,0,0.2,0.5
Sizer School: A North Central Charter Essential (District),4740000,5.3,1.1,21.9,68.6,0,0,3.1
Somerset,2730000,1.3,1.3,4.2,91.3,0.1,0.1,1.9
Somerset Berkley Regional School District,7630000,1.5,1.6,3,92.4,0,0.2,1.4
Somerville,2740000,10.1,6.7,43.1,36.3,0.1,0,3.7
South Hadley,2780000,2.1,2.2,13.1,80.5,0.1,0.1,2
South Middlesex Regional Vocational Technical,8290000,6.3,0.1,43.1,46.5,1.1,0,2.9
South Shore Charter Public (District),4880000,27.2,4.6,2.6,58.6,0.4,0.1,6.5
South Shore Regional Vocational Technical,8730000,1.9,1.1,4.5,89.7,0,0,2.8
Southampton,2750000,0.2,1.2,5.6,90.3,0.2,0,2.5
Southborough,2760000,0.8,18.2,5,70.7,0.2,0.2,5
Southbridge,2770000,1.8,1.4,56.2,38.5,0.3,0,1.7
Southeastern Regional Vocational Technical,8720000,33.9,1.6,11.9,47.5,0,0,5.2
Southern Berkshire,7650000,1.2,0,6.8,86.7,0.7,0,4.6
Southern Worcester County Regional Vocational Technical,8760000,0.7,0.5,9.3,88.1,0.1,0,1.3
Southwick-Tolland-Granville Regional School District,7660000,1.8,1,4.5,90.6,0.1,0,1.9
Spencer-E Brookfield,7670000,1.7,1,11.5,82.3,0.3,0,3.2
Springfield,2810000,19,2.3,65.7,11.1,0.1,0,1.7
Springfield Preparatory Charter School (District),35100000,24.8,2.3,64.5,6.1,0,0,2.3
Stoneham,2840000,2.4,4.9,7.5,81.4,0.3,0,3.5
Stoughton,2850000,22.6,6.2,10.9,55.2,0.2,0.3,4.7
Sturbridge,2870000,0.9,1.1,4.8,89.1,0.7,0.1,3.3
Sturgis Charter Public (District),4890000,2.3,3.6,4.7,84.7,0.5,0,4.1
Sudbury,2880000,3.2,9.2,3.5,77.2,0,0.1,6.8
Sunderland,2890000,3.4,7.6,9.7,68.2,0,0,11
Sutton,2900000,0.8,1.3,2.1,91.6,0.1,0,4.1
Swampscott,2910000,3,2.8,10.5,81,0.2,0.1,2.3
Swansea,2920000,0.7,0.9,2.1,94.6,0.2,0,1.5
TEC Connections Academy Commonwealth Virtual School District,39020000,6.4,2.6,14.5,69.2,0.4,0.2,6.7
Tantasqua,7700000,0.7,0.9,5.1,90.6,0.2,0,2.6
Taunton,2930000,15.8,1.4,11.9,65.4,0.2,0.2,5.1
Tewksbury,2950000,3.1,3.4,4,88.4,0,0.1,0.9
Tisbury,2960000,3.1,0.6,27.7,59.1,2.2,0,7.2
Topsfield,2980000,0.6,1.6,1.7,93.1,0.6,0,2.3
Tri-County Regional Vocational Technical,8780000,0.5,0.7,5.2,89.2,0.2,0.1,4.1
Triton,7730000,1,1.7,2.8,92.4,0.1,0.2,1.8
Truro,3000000,6.6,0,12.3,67,0,0,14.2
Tyngsborough,3010000,3.5,6.2,4.6,82.4,0.2,0,3.1
UP Academy Charter School of Boston (District),4800000,44.6,7.7,41.3,3.4,0.2,0.6,2.2
UP Academy Charter School of Dorchester (District),35050000,55.3,1.1,40,1.1,0.3,0.3,2
Up-Island Regional,7740000,1,0.8,5.8,80.9,4,0,7.5
Upper Cape Cod Regional Vocational Technical,8790000,4.3,2.2,2,86.4,0.4,0,4.6
Uxbridge,3040000,1.4,1.4,4,90.7,0.3,0.1,2
Veritas Preparatory Charter School (District),4980000,17.2,0.6,76.3,4.2,0,0,1.6
Wachusett,7750000,2.1,3,5.1,87.2,0.1,0.1,2.3
Wakefield,3050000,2.6,3.3,6.4,84.3,0.2,0.3,3
Wales,3060000,1.9,0.6,3.1,90.6,0.6,0,3.1
Walpole,3070000,3.5,6.1,5.4,82.2,0.3,0,2.5
Waltham,3080000,9.9,5.5,39.7,42.4,0.1,0.1,2.4
Ware,3090000,1.8,0.6,6.9,86.2,0.1,0.2,4.1
Wareham,3100000,8.3,1,7.3,71.5,1.2,0.1,10.6
Watertown,3140000,3.9,8.3,15.9,65.9,0.5,0.1,5.3
Wayland,3150000,5.2,15.8,4.3,68.9,0,0.3,5.5
Webster,3160000,4.5,2.1,26.5,60,0.2,0.2,6.6
Wellesley,3170000,4.1,13.7,4.9,70.5,0,0,6.6
Wellfleet,3180000,1.7,1.7,5.8,82.6,0,0,8.3
West Boylston,3220000,2.5,2,9.8,81.1,0.1,0,4.6
West Bridgewater,3230000,4.5,1.1,3.3,86.6,0.2,0.2,4.1
West Springfield,3320000,3.8,7.8,19.5,66.2,0,0,2.7
Westborough,3210000,2,32.6,6.1,56.1,0.1,0.1,3
Westfield,3250000,2.2,3.3,14.6,77.8,0.1,0,2
Westford,3260000,1,25.8,1.7,67.9,0.1,0,3.6
Westhampton,3270000,0,0.8,4.8,92.7,0,0,1.6
Weston,3300000,6.4,16.3,6.4,65.6,0.2,0,5
Westport,3310000,0.3,0.7,2.8,91.5,0.3,0,4.4
Westwood,3350000,2.4,9.7,3.5,81.1,0,0,3.3
Weymouth,3360000,6.3,6,9.2,74.4,0.2,0.1,3.9
Whately,3370000,0.7,0.7,5.1,91.2,0,0,2.2
Whitman-Hanson,7800000,2.4,1.2,4.4,89.1,0.4,0.1,2.5
Whittier Regional Vocational Technical,8850000,1.4,1,19.1,75,0.2,0,3.3
Williamsburg,3400000,1.8,1.2,5.4,91.6,0,0,0
Williamstown,3410000,1.8,3.1,6.2,81.1,0,0,7.9
Wilmington,3420000,1.8,4.9,4.3,85.7,0.1,0.1,3.1
Winchendon,3430000,1.6,2.4,6.6,85.2,0.2,0.1,3.8
Winchester,3440000,1.1,17.2,3.4,72.9,0.1,0,5.2
Winthrop,3460000,1.3,1.1,15.2,80.3,0.2,0,1.8
Woburn,3470000,7.4,7.1,9.8,72.3,0.5,0.2,2.8
Worcester,3480000,16.2,7,42.8,29.6,0.2,0,4.1
Worthington,3490000,0,0,3.2,90.5,3.2,0,3.2
Wrentham,3500000,1.6,3.1,4.4,86,0.3,0.1,4.5
State Totals,0,9.2,6.9,20.5,59.5,0.2,0.1,3.6